6,19,96000000.000000		
6,87,70500000.000000		
6,12,91500000.000000		
6,6,49500000.000000		
6,29,42000000.000000		
6,68,93000000.000000		
7,20,46500000.000000		
7,37,75000000.000000		
7,25,63000000.000000		
7,7,31500000.000000		
7,3,63000000.000000		
7,2,12000000.000000		
7,68,84000000.000000		
6,87,76500000.000000		
6,88,21000000.000000		
6,42,96000000.000000		
6,16,33000000.000000		
6,4,36000000.000000		
6,1,12000000.000000		
5,60,42000000.000000		
5,69,81000000.000000		
5,89,18000000.000000		
5,61,33000000.000000		
5,1,63000000.000000		
4,59,45000000.000000		
4,43,94500000.000000		
4,17,70500000.000000		
4,2,36000000.000000		
3,54,28500000.000000		
3,39,15000000.000000		
3,29,72000000.000000		
6,9,73500000.000000		
6,60,31500000.000000		
6,90,70500000.000000		
6,44,84000000.000000		
6,18,66000000.000000		
6,0,49500000.000000		
5,17,30000000.000000		
5,88,91500000.000000		
5,45,76500000.000000		
5,8,40500000.000000		
5,1,31500000.000000		
2,19,34500000.000000		
2,7,40500000.000000		
8,6,73500000.000000		
8,15,28500000.000000		
8,90,39000000.000000		
8,91,21000000.000000		
8,62,79500000.000000		
8,20,85500000.000000		
8,10,30000000.000000		
8,29,84000000.000000		
3,62,55500000.000000		
3,13,46500000.000000		
3,9,30000000.000000		
4,63,48000000.000000		
4,46,42000000.000000		
4,14,24000000.000000		
4,68,57000000.000000		
3,90,19500000.000000		
3,92,85500000.000000		
3,0,91500000.000000		
4,91,82500000.000000		
4,26,49500000.000000		
4,15,91500000.000000		
4,10,46500000.000000		
6,91,100500000.000000		
6,99,24000000.000000		
6,84,81000000.000000		
6,94,40500000.000000		
6,64,75000000.000000		
6,11,24000000.000000		
4,9,28500000.000000		
4,36,81000000.000000		
4,41,54000000.000000		
4,13,91500000.000000		
7,24,66000000.000000		
7,92,39000000.000000		
7,93,24000000.000000		
7,65,70500000.000000		
7,47,75000000.000000		
7,21,27000000.000000		
7,2,33000000.000000		
4,7,30000000.000000		
4,48,33000000.000000		
4,22,93000000.000000		
4,4,70500000.000000		
8,48,24000000.000000		
8,45,93000000.000000		
8,44,63000000.000000		
8,90,39000000.000000		
8,94,76500000.000000		
8,66,93000000.000000		
8,23,76500000.000000		
8,6,66000000.000000		
4,69,43500000.000000		
4,0,96000000.000000		
4,42,13500000.000000		
4,8,34500000.000000		
6,1,46500000.000000		
6,36,97500000.000000		
6,96,78000000.000000		
6,94,27000000.000000		
6,49,21000000.000000		
6,9,85500000.000000		
3,50,93000000.000000		
3,32,12000000.000000		
3,16,27000000.000000		
4,51,34500000.000000		
4,33,85500000.000000		
4,24,88500000.000000		
4,17,93000000.000000		
3,55,58500000.000000		
3,34,36000000.000000		
3,18,76500000.000000		
8,16,66000000.000000		
8,80,33000000.000000		
8,97,73500000.000000		
8,63,19500000.000000		
8,52,72000000.000000		
8,35,88500000.000000		
8,25,97500000.000000		
8,22,88500000.000000		
4,1,63000000.000000		
4,53,40500000.000000		
4,26,31500000.000000		
4,24,97500000.000000		
11,82,28500000.000000		
11,73,58500000.000000		
11,52,69000000.000000		
11,13,49500000.000000		
11,47,88500000.000000		
11,98,75000000.000000		
11,65,66000000.000000		
11,95,42000000.000000		
11,36,75000000.000000		
11,27,30000000.000000		
11,25,31500000.000000		
4,96,12000000.000000		
4,67,19500000.000000		
4,28,84000000.000000		
4,26,30000000.000000		
4,85,85500000.000000		
4,99,85500000.000000		
4,69,10500000.000000		
4,27,84000000.000000		
5,68,87000000.000000		
5,30,67500000.000000		
5,9,84000000.000000		
5,5,72000000.000000		
5,0,42000000.000000		
4,70,39000000.000000		
4,37,36000000.000000		
4,31,21000000.000000		
4,29,67500000.000000		
6,78,79500000.000000		
6,69,73500000.000000		
6,97,34500000.000000		
6,71,37500000.000000		
6,38,75000000.000000		
6,30,21000000.000000		
4,71,34500000.000000		
4,35,39000000.000000		
4,39,100500000.000000		
4,21,12000000.000000		
2,72,93000000.000000		
2,22,85500000.000000		
2,44,81000000.000000		
2,23,36000000.000000		
4,32,39000000.000000		
4,91,48000000.000000		
4,98,55500000.000000		
4,24,88500000.000000		
5,65,72000000.000000		
5,15,81000000.000000		
5,20,97500000.000000		
5,99,75000000.000000		
5,26,75000000.000000		
5,44,57000000.000000		
5,1,75000000.000000		
5,64,75000000.000000		
5,46,57000000.000000		
5,30,36000000.000000		
2,49,16500000.000000		
2,31,75000000.000000		
4,69,66000000.000000		
4,5,15000000.000000		
4,40,19500000.000000		
4,32,100500000.000000		
3,73,63000000.000000		
3,54,48000000.000000		
3,39,19500000.000000		
3,72,94500000.000000		
3,15,54000000.000000		
3,68,25500000.000000		
3,19,13500000.000000		
3,55,97500000.000000		
3,2,96000000.000000		
3,72,33000000.000000		
3,56,24000000.000000		
3,4,94500000.000000		
5,37,57000000.000000		
5,18,63000000.000000		
5,86,51000000.000000		
5,34,81000000.000000		
5,6,84000000.000000		
4,60,93000000.000000		
4,18,93000000.000000		
4,57,48000000.000000		
4,7,76500000.000000		
2,37,57000000.000000		
2,11,42000000.000000		
3,26,88500000.000000		
3,74,91500000.000000		
3,16,75000000.000000		
4,18,24000000.000000		
4,75,97500000.000000		
4,58,57000000.000000		
4,17,33000000.000000		
2,38,16500000.000000		
2,20,21000000.000000		
5,91,72000000.000000		
5,73,30000000.000000		
5,76,39000000.000000		
5,59,10500000.000000		
5,21,93000000.000000		
2,60,24000000.000000		
2,22,34500000.000000		
3,26,69000000.000000		
3,57,60000000.000000		
3,24,72000000.000000		
3,62,16500000.000000		
3,58,37500000.000000		
3,25,40500000.000000		
4,5,28500000.000000		
4,89,43500000.000000		
4,67,94500000.000000		
4,40,48000000.000000		
3,23,58500000.000000		
3,70,75000000.000000		
3,42,97500000.000000		
2,72,96000000.000000		
2,43,24000000.000000		
4,60,79500000.000000		
4,52,60000000.000000		
4,77,31500000.000000		
4,45,48000000.000000		
5,81,90000000.000000		
5,85,45000000.000000		
5,53,37500000.000000		
5,78,96000000.000000		
5,48,57000000.000000		
2,4,45000000.000000		
2,50,10500000.000000		
5,57,79500000.000000		
5,45,93000000.000000		
5,3,42000000.000000		
5,6,31500000.000000		
5,51,24000000.000000		
4,83,52500000.000000		
4,64,69000000.000000		
4,79,90000000.000000		
4,3,33000000.000000		
3,53,16500000.000000		
3,10,55500000.000000		
3,9,79500000.000000		
2,24,19500000.000000		
3,11,48000000.000000		
4,61,69000000.000000		
4,37,75000000.000000		
4,80,39000000.000000		
4,14,75000000.000000		
4,36,72000000.000000		
4,96,76500000.000000		
4,26,66000000.000000		
4,16,70500000.000000		
3,76,94500000.000000		
3,81,75000000.000000		
3,18,93000000.000000		
2,54,94500000.000000		
2,27,19500000.000000		
6,90,58500000.000000		
6,29,87000000.000000		
6,41,25500000.000000		
6,11,57000000.000000		
6,1,84000000.000000		
6,0,93000000.000000		
6,19,43500000.000000		
6,89,70500000.000000		
6,39,66000000.000000		
6,3,81000000.000000		
6,31,73500000.000000		
6,28,10500000.000000		
4,77,33000000.000000		
4,55,75000000.000000		
4,82,91500000.000000		
4,30,39000000.000000		
4,32,34500000.000000		
4,76,33000000.000000		
4,83,97500000.000000		
4,31,37500000.000000		
7,41,94500000.000000		
7,43,33000000.000000		
7,90,31500000.000000		
7,78,63000000.000000		
7,56,96000000.000000		
7,84,49500000.000000		
7,33,93000000.000000		
6,26,58500000.000000		
6,77,90000000.000000		
6,98,70500000.000000		
6,79,76500000.000000		
6,50,30000000.000000		
6,40,63000000.000000		
2,85,51000000.000000		
2,47,91500000.000000		
3,78,13500000.000000		
3,86,99000000.000000		
3,48,97500000.000000		
4,71,33000000.000000		
4,80,84000000.000000		
4,66,94500000.000000		
4,50,39000000.000000		
3,73,90000000.000000		
3,70,33000000.000000		
3,57,31500000.000000		
5,31,79500000.000000		
5,75,13500000.000000		
5,81,87000000.000000		
5,72,63000000.000000		
5,58,96000000.000000		
3,82,54000000.000000		
3,73,76500000.000000		
3,61,90000000.000000		
3,24,33000000.000000		
3,76,84000000.000000		
3,64,39000000.000000		
4,58,90000000.000000		
4,99,31500000.000000		
4,78,87000000.000000		
4,66,75000000.000000		
3,26,28500000.000000		
3,79,54000000.000000		
3,70,91500000.000000		
3,61,52500000.000000		
3,89,52500000.000000		
3,71,97500000.000000		
3,14,81000000.000000		
3,91,75000000.000000		
3,72,49500000.000000		
5,94,39000000.000000		
5,28,85500000.000000		
5,58,45000000.000000		
5,93,84000000.000000		
5,74,51000000.000000		
3,44,51000000.000000		
3,95,66000000.000000		
3,75,99000000.000000		
2,2,76500000.000000		
2,0,70500000.000000		
2,7,91500000.000000		
2,2,21000000.000000		
4,69,70500000.000000		
4,54,43500000.000000		
4,83,52500000.000000		
4,3,18000000.000000		
6,68,58500000.000000		
6,18,39000000.000000		
6,72,31500000.000000		
6,12,19500000.000000		
6,9,39000000.000000		
6,6,70500000.000000		
6,14,100500000.000000		
6,50,72000000.000000		
6,13,82500000.000000		
6,35,48000000.000000		
6,84,75000000.000000		
6,9,21000000.000000		
2,16,39000000.000000		
2,12,85500000.000000		
2,85,84000000.000000		
2,16,24000000.000000		
4,85,39000000.000000		
4,14,40500000.000000		
4,18,76500000.000000		
4,20,27000000.000000		
2,86,66000000.000000		
2,26,42000000.000000		
3,65,76500000.000000		
3,20,78000000.000000		
3,27,12000000.000000		
2,24,73500000.000000		
2,31,34500000.000000	
3,73,70500000.000000		
3,26,75000000.000000		
3,35,55500000.000000		
4,14,24000000.000000		
4,81,31500000.000000		
4,28,85500000.000000		
4,36,75000000.000000		
