7,22,37500000.000000		
7,49,19500000.000000		
7,57,85500000.000000		
7,8,85500000.000000		
7,3,69000000.000000		
7,62,67500000.000000		
7,16,69000000.000000		
7,20,45000000.000000		
7,49,15000000.000000		
7,6,19500000.000000		
7,69,22500000.000000		
7,44,93000000.000000		
7,9,36000000.000000		
7,16,16500000.000000		
8,23,28500000.000000		
8,60,85500000.000000		
8,30,73500000.000000		
8,34,87000000.000000		
8,10,61500000.000000		
8,5,22500000.000000		
8,4,49500000.000000		
8,62,69000000.000000		
5,77,36000000.000000		
5,45,88500000.000000		
5,21,99000000.000000		
5,11,39000000.000000		
5,0,69000000.000000		
5,33,27000000.000000		
5,32,82500000.000000		
5,58,28500000.000000		
5,12,90000000.000000		
5,2,49500000.000000		
4,78,78000000.000000		
4,22,72000000.000000		
4,6,66000000.000000		
4,2,22500000.000000		
7,1,19500000.000000		
7,34,30000000.000000		
7,59,61500000.000000		
7,35,36000000.000000		
7,23,16500000.000000		
7,13,22500000.000000		
7,5,66000000.000000		
3,40,57000000.000000		
3,70,45000000.000000		
3,16,57000000.000000		
2,71,79500000.000000		
2,0,85500000.000000		
5,29,24000000.000000		
5,60,91500000.000000		
5,24,19500000.000000		
5,14,25500000.000000		
5,1,36000000.000000		
4,61,76500000.000000		
4,18,37500000.000000		
4,15,88500000.000000		
4,2,61500000.000000		
3,25,21000000.000000		
3,19,93000000.000000		
3,3,39000000.000000		
2,63,93000000.000000		
2,4,90000000.000000		
3,29,69000000.000000		
3,26,15000000.000000		
3,6,22500000.000000		
6,68,85500000.000000		
6,37,58500000.000000		
6,46,73500000.000000		
6,36,96000000.000000		
6,27,28500000.000000		
6,9,25500000.000000		
3,42,66000000.000000		
3,28,64500000.000000		
3,10,88500000.000000		
4,64,91500000.000000		
4,7,57000000.000000		
4,1,16500000.000000		
4,0,69000000.000000		
4,65,94500000.000000		
4,47,15000000.000000		
4,20,43500000.000000		
4,62,72000000.000000		
3,43,84000000.000000		
3,66,54000000.000000		
3,10,37500000.000000		
9,43,12000000.000000		
9,72,81000000.000000		
9,44,42000000.000000		
9,70,90000000.000000		
9,23,39000000.000000		
9,47,73500000.000000		
9,67,96000000.000000		
9,48,82500000.000000		
9,11,93000000.000000		
3,1,45000000.000000		
3,72,15000000.000000		
3,17,43500000.000000		
4,71,69000000.000000		
4,41,60000000.000000		
4,75,84000000.000000		
4,3,99000000.000000		
3,0,37500000.000000		
3,49,40500000.000000		
3,5,72000000.000000		
6,64,73500000.000000		
6,2,28500000.000000		
6,19,39000000.000000		
6,37,15000000.000000		
6,29,84000000.000000		
6,6,16500000.000000		
2,76,34500000.000000		
2,9,19500000.000000		
2,79,48000000.000000		
2,11,21000000.000000		
7,29,87000000.000000		
7,44,69000000.000000		
7,68,96000000.000000		
7,50,16500000.000000		
7,38,88500000.000000		
7,30,48000000.000000		
7,13,15000000.000000		
7,63,88500000.000000		
7,48,91500000.000000		
7,43,61500000.000000		
7,69,91500000.000000		
7,39,13500000.000000		
7,31,18000000.000000		
7,14,28500000.000000		
5,33,85500000.000000		
5,70,10500000.000000		
5,51,66000000.000000		
5,32,54000000.000000		
5,15,64500000.000000		
7,9,24000000.000000		
7,13,69000000.000000		
7,26,87000000.000000		
7,41,69000000.000000		
7,71,31500000.000000		
7,52,30000000.000000		
7,23,84000000.000000		
2,2,73500000.000000		
2,26,48000000.000000		
3,46,96000000.000000		
3,40,52500000.000000		
3,27,18000000.000000		
3,33,28500000.000000		
3,4,82500000.000000		
3,28,54000000.000000		
6,32,28500000.000000		
6,4,27000000.000000		
6,64,40500000.000000		
6,28,85500000.000000		
6,72,16500000.000000		
6,62,73500000.000000		
2,6,30000000.000000		
2,2,87000000.000000		
3,73,99000000.000000		
3,53,31500000.000000		
3,6,36000000.000000		
5,38,45000000.000000		
5,45,88500000.000000		
5,74,94500000.000000		
5,41,21000000.000000		
5,14,96000000.000000		
3,46,31500000.000000		
3,14,58500000.000000		
3,23,15000000.000000		
4,36,45000000.000000		
4,65,13500000.000000		
4,75,63000000.000000		
4,26,88500000.000000		
4,67,13500000.000000		
4,48,25500000.000000		
4,42,84000000.000000		
4,27,13500000.000000		
3,7,57000000.000000		
3,76,36000000.000000		
3,31,52500000.000000		
6,21,60000000.000000		
6,29,69000000.000000		
6,46,90000000.000000		
6,49,69000000.000000		
6,43,82500000.000000		
6,36,21000000.000000		
2,15,66000000.000000		
2,39,84000000.000000		
5,19,12000000.000000		
5,27,61500000.000000		
5,66,31500000.000000		
5,18,84000000.000000		
5,41,82500000.000000		
4,19,42000000.000000		
4,69,37500000.000000		
4,26,69000000.000000		
4,1,93000000.000000		
3,50,21000000.000000		
3,36,88500000.000000		
3,3,88500000.000000		
7,52,75000000.000000		
7,50,54000000.000000		
7,31,96000000.000000		
7,53,48000000.000000		
7,41,90000000.000000		
7,37,31500000.000000		
7,14,73500000.000000		
5,53,19500000.000000		
5,65,31500000.000000		
5,19,73500000.000000		
5,54,64500000.000000		
5,17,15000000.000000		
4,69,85500000.000000		
4,27,91500000.000000		
4,39,25500000.000000		
4,19,82500000.000000		
5,1,15000000.000000		
5,0,19500000.000000		
5,52,31500000.000000		
5,41,69000000.000000		
5,22,40500000.000000		
3,46,54000000.000000		
3,45,21000000.000000		
3,26,16500000.000000		
3,69,96000000.000000		
3,55,96000000.000000		
3,28,66000000.000000		
5,46,75000000.000000		
5,61,58500000.000000		
5,54,79500000.000000		
5,49,31500000.000000		
5,29,30000000.000000		
4,47,19500000.000000		
4,46,48000000.000000		
4,56,75000000.000000		
4,35,31500000.000000		
4,70,64500000.000000		
4,55,84000000.000000		
4,52,79500000.000000		
4,47,64500000.000000		
2,54,84000000.000000		
2,51,96000000.000000		
3,70,15000000.000000		
3,59,67500000.000000		
3,53,75000000.000000		
2,77,85500000.000000		
2,0,85500000.000000		
2,62,52500000.000000		
2,4,28500000.000000		
2,56,67500000.000000		
2,6,61500000.000000		
4,2,85500000.000000		
4,65,60000000.000000		
4,78,61500000.000000		
4,9,91500000.000000		
4,73,72000000.000000		
4,52,58500000.000000		
4,63,12000000.000000		
4,10,76500000.000000		
6,72,22500000.000000		
6,58,52500000.000000		
6,33,73500000.000000		
6,17,72000000.000000		
6,2,69000000.000000		
6,0,67500000.000000		
3,27,88500000.000000		
3,61,12000000.000000		
3,12,93000000.000000	
4,23,73500000.000000		
4,33,40500000.000000		
4,70,70500000.000000		
4,16,91500000.000000		
6,71,78000000.000000		
6,47,31500000.000000		
6,38,13500000.000000		
6,60,60000000.000000		
6,79,94500000.000000		
6,17,94500000.000000		
3,43,31500000.000000		
3,72,90000000.000000		
3,18,54000000.000000		
3,39,13500000.000000		
3,73,85500000.000000		
3,19,96000000.000000		
3,14,85500000.000000		
3,74,96000000.000000		
3,26,96000000.000000		
5,48,85500000.000000		
5,51,96000000.000000		
5,44,37500000.000000		
5,1,22500000.000000		
5,27,91500000.000000		
6,19,90000000.000000		
6,54,64500000.000000		
6,56,15000000.000000		
6,64,70500000.000000		
6,7,45000000.000000		
6,28,10500000.000000		
4,65,78000000.000000		
4,21,69000000.000000		
4,8,79500000.000000		
4,29,31500000.000000		
5,19,81000000.000000		
5,62,22500000.000000		
5,66,90000000.000000		
5,20,15000000.000000		
5,33,16500000.000000		
3,61,72000000.000000		
3,67,85500000.000000		
3,35,99000000.000000		
2,68,96000000.000000		
2,36,94500000.000000		
2,21,84000000.000000		
2,38,63000000.000000		
2,24,34500000.000000		
2,40,36000000.000000		
2,3,36000000.000000		
2,57,85500000.000000		
2,5,78000000.000000		
2,60,61500000.000000		
2,25,48000000.000000		
2,65,94500000.000000	
