5,45,49500000.000000		
5,31,42000000.000000		
5,5,66000000.000000		
5,27,42000000.000000		
5,30,12000000.000000		
3,26,49500000.000000		
3,23,13500000.000000		
3,27,33000000.000000		
7,3,34500000.000000		
7,38,78000000.000000		
7,28,76500000.000000		
7,21,13500000.000000		
7,10,70500000.000000		
7,6,93000000.000000		
7,27,10500000.000000		
4,2,34500000.000000		
4,39,61500000.000000		
4,32,16500000.000000		
4,27,91500000.000000		
6,17,84000000.000000		
6,49,19500000.000000		
6,28,13500000.000000		
6,11,70500000.000000		
6,7,45000000.000000		
6,30,85500000.000000		
6,48,79500000.000000		
6,32,84000000.000000		
6,46,70500000.000000		
6,15,42000000.000000		
6,8,100500000.000000		
6,0,66000000.000000		
5,28,84000000.000000		
5,33,93000000.000000		
5,16,97500000.000000		
5,12,70500000.000000		
5,2,93000000.000000		
2,22,54000000.000000		
2,4,45000000.000000		
4,47,15000000.000000		
4,23,66000000.000000		
4,13,24000000.000000		
4,5,100500000.000000		
3,34,55500000.000000		
3,17,52500000.000000		
3,27,61500000.000000		
5,17,36000000.000000		
5,21,40500000.000000		
5,35,93000000.000000		
5,18,19500000.000000		
5,2,70500000.000000		
2,48,96000000.000000		
2,4,70500000.000000		
4,16,31500000.000000		
4,33,94500000.000000		
4,29,40500000.000000		
4,6,70500000.000000		
4,49,82500000.000000		
4,47,27000000.000000		
4,24,60000000.000000		
4,8,24000000.000000		
3,34,27000000.000000		
3,31,52500000.000000		
3,27,15000000.000000		
5,41,40500000.000000		
5,24,40500000.000000		
5,35,79500000.000000		
5,49,78000000.000000		
5,5,42000000.000000		
6,12,31500000.000000		
6,33,18000000.000000		
6,18,37500000.000000		
6,25,55500000.000000		
6,19,27000000.000000		
6,6,97500000.000000		
4,4,84000000.000000		
4,10,36000000.000000		
4,45,48000000.000000		
4,9,52500000.000000		
4,37,99000000.000000		
4,16,37500000.000000		
4,46,99000000.000000		
4,10,19500000.000000		
2,36,91500000.000000		
2,16,27000000.000000		
5,32,45000000.000000		
5,41,45000000.000000		
5,37,93000000.000000		
5,26,27000000.000000		
5,30,30000000.000000		
5,10,40500000.000000		
5,48,30000000.000000		
5,36,18000000.000000		
5,38,55500000.000000		
5,2,13500000.000000		
2,39,54000000.000000		
2,7,54000000.000000		
6,35,96000000.000000		
6,41,76500000.000000		
6,37,51000000.000000		
6,1,13500000.000000		
6,40,78000000.000000		
6,8,66000000.000000		
4,30,10500000.000000		
4,15,40500000.000000		
4,41,52500000.000000		
4,13,60000000.000000		
3,39,58500000.000000		
3,28,36000000.000000		
3,16,55500000.000000		
3,40,76500000.000000		
3,1,49500000.000000		
3,20,27000000.000000		
6,14,15000000.000000		
6,9,61500000.000000		
6,3,91500000.000000		
6,2,10500000.000000		
6,1,33000000.000000		
6,0,42000000.000000		
6,35,84000000.000000		
6,2,76500000.000000		
6,45,25500000.000000		
6,6,84000000.000000		
6,4,13500000.000000		
6,25,36000000.000000		
3,34,79500000.000000		
3,12,40500000.000000		
3,30,91500000.000000		
5,24,10500000.000000		
5,29,91500000.000000		
5,20,30000000.000000		
5,4,85500000.000000		
5,0,12000000.000000		
3,49,22500000.000000		
3,14,52500000.000000		
3,0,42000000.000000		
4,20,45000000.000000		
4,34,27000000.000000		
4,5,84000000.000000		
4,3,16500000.000000		
4,16,18000000.000000		
4,42,67500000.000000		
4,12,94500000.000000		
4,6,93000000.000000		
5,29,79500000.000000		
5,32,27000000.000000		
5,44,24000000.000000		
5,14,27000000.000000		
5,9,55500000.000000		
5,23,96000000.000000		
5,28,84000000.000000		
5,47,37500000.000000		
5,15,79500000.000000		
5,10,93000000.000000		
4,38,45000000.000000		
4,48,21000000.000000		
4,21,18000000.000000		
4,19,91500000.000000		
4,45,21000000.000000		
4,18,99000000.000000		
4,23,51000000.000000		
4,20,93000000.000000		
4,2,78000000.000000		
4,36,45000000.000000		
4,42,54000000.000000		
4,21,55500000.000000		
3,3,61500000.000000		
3,25,58500000.000000		
3,22,54000000.000000		
2,26,76500000.000000		
2,23,78000000.000000		
5,15,40500000.000000		
5,23,76500000.000000		
5,20,45000000.000000		
5,43,33000000.000000		
5,24,52500000.000000		
2,33,67500000.000000		
2,38,54000000.000000		
2,44,22500000.000000		
2,41,33000000.000000		
3,49,91500000.000000		
3,34,24000000.000000		
3,43,22500000.000000		
4,37,21000000.000000		
4,28,25500000.000000		
4,17,48000000.000000		
4,0,49500000.000000		
2,18,99000000.000000		
2,5,70500000.000000		
3,13,27000000.000000		
3,35,37500000.000000		
3,8,15000000.000000		
4,5,79500000.000000		
4,21,30000000.000000		
4,36,21000000.000000		
4,11,96000000.000000		
5,13,82500000.000000		
5,31,22500000.000000		
5,4,19500000.000000		
5,44,91500000.000000		
5,15,78000000.000000	
