8,46,63000000.000000		
8,16,88500000.000000		
8,18,87000000.000000		
8,60,16500000.000000		
8,28,84000000.000000		
8,2,48000000.000000		
8,9,49500000.000000		
8,29,97500000.000000		
6,42,58500000.000000		
6,61,57000000.000000		
6,41,45000000.000000		
6,30,90000000.000000		
6,13,24000000.000000		
6,29,55500000.000000		
2,32,31500000.000000		
2,0,48000000.000000		
4,69,61500000.000000		
4,8,33000000.000000		
4,5,69000000.000000		
4,9,58500000.000000		
4,42,46500000.000000		
4,10,78000000.000000		
4,6,78000000.000000		
4,29,90000000.000000		
5,62,60000000.000000		
5,43,24000000.000000		
5,21,97500000.000000		
5,14,55500000.000000		
5,3,69000000.000000		
7,65,30000000.000000		
7,32,72000000.000000	
7,61,36000000.000000		
7,15,87000000.000000		
7,11,13500000.000000		
7,7,99000000.000000		
7,4,78000000.000000		
6,26,55500000.000000		
6,17,67500000.000000		
6,61,48000000.000000		
6,44,49500000.000000		
6,22,43500000.000000		
6,6,99000000.000000		
4,62,57000000.000000		
4,63,96000000.000000		
4,16,58500000.000000		
4,3,33000000.000000		
4,23,21000000.000000		
4,17,25500000.000000		
4,3,58500000.000000		
4,0,49500000.000000		
5,13,67500000.000000		
5,64,33000000.000000		
5,45,18000000.000000		
5,31,12000000.000000		
5,4,78000000.000000		
6,61,60000000.000000		
6,65,70500000.000000		
6,46,37500000.000000		
6,32,42000000.000000		
6,18,54000000.000000		
6,6,13500000.000000		
2,40,67500000.000000		
2,29,51000000.000000		
3,10,67500000.000000		
3,24,39000000.000000		
3,1,24000000.000000		
4,21,73500000.000000		
4,68,88500000.000000		
4,43,34500000.000000		
4,5,55500000.000000		
3,55,96000000.000000		
3,44,19500000.000000		
3,6,87000000.000000		
8,54,40500000.000000		
8,0,88500000.000000		
8,22,75000000.000000		
8,64,24000000.000000		
8,33,37500000.000000		
8,25,55500000.000000		
8,19,42000000.000000		
8,8,58500000.000000		
6,7,67500000.000000		
6,31,51000000.000000		
6,47,100500000.000000		
6,34,12000000.000000		
6,20,81000000.000000		
6,9,25500000.000000		
3,0,87000000.000000		
3,47,34500000.000000		
3,11,54000000.000000		
3,34,88500000.000000		
3,48,75000000.000000		
3,16,42000000.000000		
2,50,85500000.000000		
2,17,81000000.000000		
5,14,73500000.000000		
5,66,51000000.000000		
5,48,79500000.000000		
5,35,28500000.000000		
5,5,97500000.000000		
4,39,61500000.000000		
4,16,75000000.000000		
4,26,81000000.000000		
4,7,43500000.000000		
3,65,40500000.000000		
3,51,12000000.000000		
3,9,21000000.000000		
3,56,79500000.000000		
3,27,52500000.000000		
3,13,39000000.000000		
2,49,39000000.000000		
2,16,55500000.000000		
5,7,55500000.000000		
5,53,52500000.000000		
5,67,96000000.000000		
5,36,37500000.000000		
5,22,81000000.000000		
3,38,48000000.000000		
3,53,12000000.000000		
3,24,52500000.000000		
6,35,75000000.000000		
6,65,57000000.000000		
6,40,34500000.000000		
6,46,42000000.000000		
6,50,52500000.000000		
6,0,84000000.000000		
6,34,67500000.000000		
6,51,12000000.000000		
6,12,51000000.000000		
6,4,90000000.000000		
6,1,55500000.000000		
6,0,97500000.000000		
3,34,15000000.000000		
3,68,16500000.000000		
3,1,90000000.000000		
4,49,93000000.000000		
4,17,51000000.000000		
4,69,79500000.000000		
4,10,12000000.000000	
4,6,72000000.000000		
4,67,84000000.000000		
4,2,31500000.000000		
4,11,42000000.000000		
3,43,27000000.000000		
3,52,39000000.000000		
3,16,37500000.000000		
5,30,15000000.000000		
5,19,88500000.000000		
5,29,67500000.000000		
5,54,45000000.000000		
5,17,12000000.000000		
6,28,75000000.000000		
6,57,81000000.000000		
6,66,16500000.000000		
6,68,88500000.000000		
6,37,63000000.000000		
6,21,28500000.000000		
4,61,18000000.000000		
4,53,76500000.000000		
4,38,28500000.000000		
4,26,37500000.000000		
3,63,76500000.000000		
3,54,45000000.000000		
3,35,63000000.000000		
4,27,48000000.000000		
4,55,46500000.000000		
4,39,42000000.000000		
4,36,28500000.000000		
4,22,61500000.000000		
4,56,99000000.000000		
4,40,33000000.000000		
4,38,42000000.000000		
5,64,67500000.000000		
5,60,81000000.000000		
5,28,34500000.000000		
5,12,67500000.000000		
5,39,33000000.000000		
3,51,75000000.000000		
3,56,93000000.000000		
3,1,45000000.000000		
5,59,97500000.000000		
5,1,58500000.000000		
5,50,34500000.000000		
5,58,49500000.000000		
5,4,46500000.000000		
5,56,16500000.000000		
5,33,27000000.000000		
5,14,34500000.000000		
5,57,58500000.000000		
5,5,24000000.000000		
4,46,99000000.000000		
4,50,57000000.000000		
4,15,19500000.000000		
4,7,49500000.000000		
2,59,36000000.000000		
2,10,18000000.000000	
5,44,99000000.000000		
5,0,63000000.000000		
5,28,42000000.000000		
5,58,76500000.000000		
5,11,37500000.000000		
3,18,34500000.000000		
3,59,61500000.000000		
3,17,100500000.000000		
3,64,96000000.000000		
3,19,75000000.000000		
3,21,79500000.000000		
3,31,93000000.000000		
3,63,27000000.000000		
3,25,39000000.000000		
5,55,73500000.000000		
5,44,57000000.000000		
5,42,34500000.000000		
5,20,85500000.000000		
5,28,52500000.000000		
3,41,75000000.000000		
3,23,12000000.000000		
3,29,12000000.000000		
2,66,97500000.000000		
2,33,39000000.000000		
3,26,52500000.000000		
3,27,12000000.000000		
3,36,76500000.000000		
3,16,40500000.000000		
3,34,45000000.000000		
3,37,45000000.000000		
5,50,73500000.000000		
5,15,96000000.000000		
5,61,40500000.000000		
5,60,21000000.000000		
5,38,46500000.000000		
4,43,16500000.000000		
4,24,79500000.000000		
4,41,93000000.000000		
4,39,99000000.000000		
3,35,81000000.000000		
3,69,30000000.000000		
3,43,58500000.000000		
3,67,60000000.000000		
3,42,49500000.000000		
3,46,76500000.000000		
3,42,97500000.000000		
3,45,36000000.000000		
3,47,61500000.000000		
3,40,81000000.000000		
3,0,16500000.000000		
3,55,21000000.000000		
6,55,40500000.000000		
6,11,60000000.000000		
6,36,18000000.000000		
6,7,48000000.000000		
6,6,36000000.000000		
6,1,57000000.000000		
3,68,58500000.000000		
3,8,57000000.000000		
3,5,60000000.000000		
3,37,76500000.000000		
3,49,27000000.000000		
3,8,96000000.000000		
4,40,67500000.000000		
4,48,96000000.000000		
4,16,24000000.000000		
4,10,33000000.000000		
4,28,57000000.000000		
4,6,30000000.000000		
4,23,40500000.000000		
4,11,70500000.000000		
3,35,16500000.000000		
3,52,97500000.000000		
3,21,51000000.000000		
3,58,60000000.000000		
3,32,84000000.000000		
3,26,96000000.000000		
4,62,58500000.000000		
4,14,88500000.000000		
4,35,88500000.000000		
4,30,16500000.000000		
3,3,61500000.000000		
3,57,30000000.000000		
3,31,79500000.000000		
