5,29,93000000.000000		
5,9,67500000.000000		
5,6,48000000.000000		
5,14,27000000.000000		
5,18,70500000.000000		
7,2,84000000.000000		
7,28,45000000.000000		
7,19,90000000.000000		
7,32,67500000.000000		
7,15,48000000.000000		
7,3,61500000.000000		
7,18,42000000.000000		
6,1,84000000.000000		
6,20,61500000.000000		
6,33,96000000.000000		
6,36,67500000.000000		
6,4,49500000.000000		
6,14,94500000.000000		
4,22,58500000.000000		
4,31,42000000.000000		
4,15,55500000.000000		
4,1,61500000.000000		
3,37,27000000.000000		
3,16,46500000.000000		
3,2,49500000.000000		
5,36,100500000.000000		
5,25,69000000.000000		
5,38,48000000.000000		
5,17,88500000.000000		
5,18,54000000.000000		
4,26,18000000.000000		
4,21,48000000.000000		
4,18,37500000.000000		
4,0,48000000.000000		
6,11,69000000.000000		
6,30,94500000.000000		
6,34,73500000.000000		
6,39,15000000.000000		
6,10,75000000.000000		
6,14,76500000.000000		
2,21,70500000.000000		
2,18,72000000.000000		
4,17,79500000.000000		
4,13,61500000.000000		
4,19,40500000.000000		
4,0,67500000.000000		
3,20,25500000.000000		
3,11,78000000.000000		
3,7,75000000.000000		
6,39,21000000.000000		
6,7,69000000.000000		
6,37,69000000.000000		
6,35,33000000.000000		
6,24,22500000.000000		
6,10,78000000.000000		
2,21,96000000.000000		
2,14,99000000.000000		
4,9,61500000.000000		
4,26,91500000.000000		
4,22,67500000.000000		
4,18,22500000.000000		
4,12,99000000.000000		
4,7,76500000.000000		
4,2,94500000.000000		
4,0,27000000.000000		
4,22,88500000.000000		
4,3,55500000.000000		
4,30,61500000.000000		
4,1,48000000.000000		
4,39,52500000.000000		
4,37,96000000.000000		
4,29,61500000.000000		
4,4,46500000.000000		
4,9,79500000.000000		
4,32,21000000.000000		
4,31,54000000.000000		
4,5,88500000.000000		
9,34,21000000.000000		
9,33,79500000.000000		
9,29,73500000.000000		
9,6,37500000.000000		
9,13,22500000.000000		
9,8,72000000.000000		
9,5,54000000.000000		
9,1,42000000.000000		
9,0,70500000.000000		
5,22,24000000.000000		
5,1,90000000.000000		
5,32,55500000.000000		
5,25,25500000.000000		
5,9,40500000.000000		
5,35,64500000.000000		
5,24,64500000.000000		
5,2,61500000.000000		
5,33,91500000.000000		
5,10,25500000.000000		
5,6,48000000.000000		
5,8,70500000.000000		
5,26,16500000.000000		
5,23,61500000.000000		
5,12,96000000.000000		
5,19,24000000.000000		
5,3,58500000.000000		
5,15,88500000.000000		
5,31,90000000.000000		
5,13,67500000.000000		
2,24,52500000.000000		
2,21,61500000.000000		
4,20,64500000.000000		
4,11,22500000.000000		
4,34,42000000.000000		
4,23,52500000.000000		
4,26,25500000.000000		
4,5,69000000.000000		
4,27,51000000.000000		
4,19,25500000.000000		
5,25,25500000.000000		
5,6,18000000.000000		
5,13,91500000.000000		
5,28,34500000.000000		
5,21,16500000.000000		
2,36,75000000.000000		
2,25,51000000.000000		
3,1,45000000.000000		
3,38,94500000.000000		
3,26,34500000.000000		
4,18,73500000.000000		
4,16,61500000.000000		
4,35,36000000.000000		
4,0,93000000.000000		
3,7,94500000.000000		
3,39,97500000.000000		
3,15,61500000.000000		
3,3,42000000.000000		
3,22,90000000.000000		
3,17,54000000.000000		
3,17,21000000.000000		
3,1,67500000.000000		
3,19,55500000.000000		
3,18,79500000.000000		
3,2,96000000.000000		
3,20,91500000.000000		
3,18,21000000.000000		
3,7,73500000.000000		
3,24,42000000.000000		
3,20,64500000.000000		
3,11,33000000.000000		
3,29,36000000.000000		
3,5,100500000.000000		
3,27,75000000.000000		
3,2,67500000.000000		
3,11,69000000.000000		
3,16,96000000.000000		
3,4,27000000.000000		
2,28,94500000.000000		
2,5,48000000.000000		
4,11,21000000.000000		
4,16,52500000.000000		
4,30,97500000.000000		
4,7,15000000.000000
